# Cornell Box
# Right green wall
# POLYGON 4 (0.5,0.5,-0.5) (0.5,-0.5,-0.5)  (0.5,-0.5,1.0) (0.5,0.5,1.0)
# DIFFUSE (0.0,1.0,0.0)

# Left red wall
# POLYGON 4 (-0.5,0.5,-0.5) (-0.5,0.5,1.0)  (-0.5,-0.5,1.0)  (-0.5,-0.5,-0.5) 
# DIFFUSE (1.0,0.0,0.0) 

# Front wall
POLYGON 4 (7.5,-7.5,-7.5) (7.5,7.5,-7.5) (-7.5,7.5,-7.5) (-7.5,-7.5,-7.5)
DIFFUSE (1.0,1.0,1.0) 

# Front wall
# POLYGON 4 (0.5,-0.5,1.0) (0.5,0.5,1.0) (-0.5,0.5,1.0) (-0.5,-0.5,1.0) 
# DIFFUSE (0.0,0.0,1.0) 

# Ceil
#POLYGON 4 (-0.5,0.5,-0.5) (0.5,0.5,-0.5) (0.5,0.5,1.0) (-0.5,0.5,1.0)
#DIFFUSE (1.0,1.0,1.0) 

# Floor
POLYGON 4 (-7.5,-0.5,-7.5)  (-7.5,-0.5,7.0) (7.5,-0.5,7.0) (7.5,-0.5,-7.5)
DIFFUSE (1.0,1.0,1.0) 
# End Cornell Box

# corner spheres
SPHERE (-1.5,-0.0,-1.0) 0.5
METAL (1.0,1.0,1.0) 0.0
SPHERE (-1.5,-0.25,-0.25) 0.25
DIFFUSE (0.7,0.1,0.1) 
SPHERE (-0.75,-0.20,-0.25) 0.25
DIELECTRIC (1,1,0.5) 2 (1,1,1)

SPHERE (-0.0,-0.0,-1.0) 0.5
METAL (1.0,1.0,1.0) 0.5
SPHERE (0.0,-0.25,-0.25) 0.25
DIFFUSE (0.1,0.7,0.1) 

# Refractive object

SPHERE (0.0,1.2,0.2) 0.20
DIELECTRIC (1,1,1) 2 (1.0,1.0,1.0)

SPHERE (0.0,-0.25,0.5) 0.20
DIELECTRIC (1,1,1) 2 (1,1,1)

SPHERE (1.5,-0.0,-1.0) 0.5
METAL (1.0,1.0,1.0) 1.0
SPHERE (1.5,-0.25,-0.25) 0.25
DIFFUSE (0.1,0.1,0.7) 
SPHERE (0.75,-0.20,-0.25) 0.25
DIELECTRIC (0.5,1.0,1.0) 2 (1.0,1.0,1.0)

# Mirror box: Edit roughness in the second value of the material
#BOX (0.6,-0.5,1.0) (0.2,0.0,-0.4) (-0.2,0.0,-0.1) (0.0,0.6,0.0)
#DIFFUSE (1.0,1.0,1.0) 

#MESH ../meshes/suzanne.obj
#(-1.0, -0.2, 1.0) (0.0,-0.0,0.0) 0.3
#DIFFUSE (0.5,0.8,0.0) 
#DIELECTRIC (0.8,0.95,0.9) 2.3 (0.5,0.5,0.5)


# light
LIGHT (-4.0,3.0,0.5) 1.0 (5,5,5) 1

# out light
#LIGHT (0.0,0.0,0.0) 15 (0.05,0.05,0.05) 0

AMBIENT (0.0,0.0,0.0)

CAMERA (0.0,0.2,2.5) (0,-0.0,-1.0) (0,1,0) 1


