# Cornell Box
# Right green wall
POLYGON 4 (0.5,0.6,-0.6) (0.5,-0.6,-0.6)  (0.5,-0.6,0.6) (0.5,0.6,0.6)
DIFFUSE (0.2,0.2,1.0)

# Left red wall
POLYGON 4 (-0.5,0.6,-0.6) (-0.5,0.6,0.6)  (-0.5,-0.6,0.6)  (-0.5,-0.6,-0.6) 
DIFFUSE (1.0,0.2,0.2) 

# Front wall
POLYGON 4 (0.5,-0.5,-0.5) (0.5,0.5,-0.5) (-0.5,0.5,-0.5) (-0.5,-0.5,-0.5) 
DIFFUSE (1.0,1.0,1.0) 

# Back wall
#POLYGON 4 (0.6,-0.6,0.5) (0.6,0.6,0.5) (-0.6,0.6,0.5) (-0.6,-0.6,0.5) 
#DIFFUSE (1.0,1.0,1.0) 

# Ceil
POLYGON 4 (-0.6,0.5,-0.6) (0.6,0.5,-0.6) (0.6,0.5,0.6) (-0.6,0.5,0.6)
DIFFUSE (1.0,1.0,1.0) 

# Floor
POLYGON 4 (-0.6,-0.5,-0.6)  (-0.6,-0.5,0.6) (0.6,-0.5,0.6) (0.6,-0.5,-0.6)
DIFFUSE (1.0,1.0,1.0) 
# End Cornell Box

# Mirror box: Edit roughness in the second value of the material
#BOX (-0.28,-0.5,0.4) (0.2,0.0,-0.4) (-0.2,0.0,-0.1) (0.0,0.6,0.0)
#METAL (0.75,0.78,0.66) 0.1

# Reflected objects
#SPHERE (0.34,-0.35,0.25) 0.15
#DIFFUSE (0.87,0.88,0.71) 

#SPHERE (0.15,-0.35,-0.0) 0.15
#DIFFUSE (0.88,0.72,0.4) 

#BOX (0.35,-0.5,0.0) (0.1,0,0.0) (0.0,0,-0.1) (0,0.6,0)
#DIFFUSE (0.8,0.5,0.5)


MESH ../meshes/suzanne.obj
(0.0,-0.0,0.0) (0.0,0.0,0.0) 0.3
DIFFUSE (0.415,0.95,0.85)

AMBIENT (0.0,0.0,0.0)

LIGHT (0.4,0.0,0.0) 0.03 (8,8,8) 1

# out light
#LIGHT (0.0,0.0,0.0) 2 (0.5,0.5,0.5) 0

CAMERA (0.0,0.0,1.5) (0,0,0) (0,1,0) 1
