

MESH ..\meshes\throne\ArmChair_LP.obj
(0.0,0.0,0.0) (0.0,0.0,0.0) 1
DIFFUSE (1.0,0.1060863584280014,0.09842805564403534)

MESH ..\meshes\throne\Wall_Wall_door__0.obj
(0.0,0.0,0.0) (0.0,0.0,0.0) 1
DIFFUSE (0.5,0.5,0.5)

MESH ..\meshes\throne\Wall_Wall_door__0.001.obj
(0.0,0.0,0.0) (0.0,0.0,0.0) 1
DIFFUSE (0.5,0.5,0.5)

MESH ..\meshes\throne\Wall_Wall_door__0.002.obj
(0.0,0.0,0.0) (0.0,0.0,0.0) 1
DIFFUSE (0.5,0.5,0.5)

MESH ..\meshes\throne\Wall_Wall_door__0.003.obj
(0.0,0.0,0.0) (0.0,0.0,0.0) 1
DIFFUSE (0.5,0.5,0.5)

MESH ..\meshes\throne\Wall_Wall_door__0.004.obj
(0.0,0.0,0.0) (0.0,0.0,0.0) 1
DIFFUSE (0.5,0.5,0.5)

MESH ..\meshes\throne\Wall_Wall_door__0.005.obj
(0.0,0.0,0.0) (0.0,0.0,0.0) 1
DIFFUSE (0.5,0.5,0.5)

MESH ..\meshes\throne\Wall_Column1_0.obj
(0.0,0.0,0.0) (0.0,0.0,0.0) 1
DIFFUSE (0.5,0.5,0.5)

MESH ..\meshes\throne\Wall_Floor2_0.obj
(0.0,0.0,0.0) (0.0,0.0,0.0) 1
DIFFUSE (0.1959882378578186,0.13991296291351318,0.09433459490537643)

MESH ..\meshes\throne\Wall_Door2_0.obj
(0.0,0.0,0.0) (0.0,0.0,0.0) 1
DIFFUSE (0.23301579058170319,0.09441839903593063,0.01449640467762947)

MESH ..\meshes\throne\Candle_01_lambert3_0.obj
(0.0,0.0,0.0) (0.0,0.0,0.0) 1
METAL (1.0,0.7402583956718445,0.03726118803024292) 0.6000000238418579

MESH ..\meshes\throne\Candle_01_lambert3_0.001.obj
(0.0,0.0,0.0) (0.0,0.0,0.0) 1
METAL (1.0,0.7402583956718445,0.03726118803024292) 0.6000000238418579

MESH ..\meshes\throne\Candle_01_lambert3_0.002.obj
(0.0,0.0,0.0) (0.0,0.0,0.0) 1
METAL (1.0,0.7402583956718445,0.03726118803024292) 0.6000000238418579

MESH ..\meshes\throne\Brazie_lambert4_0.obj
(0.0,0.0,0.0) (0.0,0.0,0.0) 1
DIFFUSE (0.018848778679966927,0.018848778679966927,0.018848778679966927)

MESH ..\meshes\throne\Candlstik_M_08_lambert6_0.obj
(0.0,0.0,0.0) (0.0,0.0,0.0) 1
METAL (1.0,1.0,1.0) 0.6000000238418579

MESH ..\meshes\throne\Flag1_lambert7_0.obj
(0.0,0.0,0.0) (0.0,0.0,0.0) 1
DIFFUSE (0.16571784019470215,0.49999991059303284,0.11758554726839066)

MESH ..\meshes\throne\Torch__lambert9_0.obj
(0.0,0.0,0.0) (0.0,0.0,0.0) 1
DIFFUSE (0.007193602155894041,0.007193602155894041,0.007193602155894041)

LIGHT (-520.7283325195312,282.2803039550781,111.53720092773438) 82 (10.0,9.781723022460938,4.073786735534668) 1 

AMBIENT (1.0,1.0,1.0)

CAMERA (-253.404541015625,87.38655853271484,199.38597106933594) (0,60,-60) (0,1,0) 1

